LUGA6			377	376	325	307	308	240	199	198	197	171	170	169	168	153	152	151	150	149	148	147	146	145	61	58	56	55	52	51	50	49	48	47	46	41	40	39	38	37	36	35	34	33	32	31	30
LUGA7			436	377	376	325	307	308	240	199	198	197	171	170	169	168	153	152	151	150	149	148	147	146	145	61	58	56	55	52	51	50	49	48	47	46	41	40	39	38	37	36	35	34	33	32	31	30
DYNA7			427	377	376	325	307	308	199	198	197	153	152	151	150	149	148	147	146	145	143	59	57	44	43	42	61	58	56	55	52	51	50	49	48	47	46	41	40	39	38	37	36	35	33	32	31	30
WARG7			377	376	338	325	307	308	199	198	197	158	153	152	151	150	149	148	147	146	145	124	125	73	72	71	61	58	56	55	52	51	50	49	48	47	46	41	40	39	38	37	36	35	33	32	31	30
DRAG7			396	377	376	325	307	308	199	198	197	177	153	152	151	150	149	148	147	146	145	84	83	87	85	86	61	58	56	55	52	51	50	49	48	47	46	41	40	39	38	37	36	35	33	32	31	30
GLXY7			377	376	351	325	307	308	199	198	197	159	153	152	151	150	149	148	147	146	145	107	106	105	75	76	61	58	56	55	52	51	50	49	48	47	46	41	40	39	38	37	36	35	33	32	31	30
SOUL7			377	376	322	325	307	308	203	199	198	197	153	152	151	150	149	148	147	146	145	138	137	136	135	134	61	58	56	55	52	51	50	49	48	47	46	41	40	39	38	37	36	35	33	32	31	30
HERO7			431	377	376	325	307	308	261	226	212	199	198	197	196	195	194	153	152	151	150	149	148	147	146	145	61	58	56	55	52	51	50	49	48	47	46	41	40	39	38	37	36	35	33	32	31	30
GODS6			377	376	325	316	272	271	259	258	257	307	308	199	198	197	153	152	151	150	149	148	147	146	145	61	58	56	55	52	51	50	49	48	47	46	41	40	39	38	37	36	35	33	32	31	30
IRLG5			417	377	376	355	325	306	305	304	307	308	199	198	197	153	152	151	150	149	148	147	146	145	61	58	56	55	52	51	50	49	48	47	46	41	40	39	38	37	36	35	33	32	31	30
GIRL5			377	376	358	357	336	335	334	325	307	308	199	198	197	153	152	151	150	149	148	147	146	145	61	58	56	55	52	51	50	49	48	47	46	41	40	39	38	37	36	35	33	32	31	30
POKM4			401	377	376	361	360	359	325	307	308	199	198	197	153	152	151	150	149	148	147	146	145	61	58	56	55	52	51	50	49	48	47	46	41	40	39	38	37	36	35	33	32	31	30
BEST			333	306	306	259	259	196	196	137	137	84	84	76	76	71	71	43	43	240	240	377	376	239	238	237	200	144	131	129	325	307	308	199	198	197	153	152	151	150	149	148	147	146	145	61	58	56	55	52	51	50	49	48	47	46	41	40	39	38	37	36	35	33	32	31	30
B.R10+1			377	376	325	305	307	308	283	239	238	237	200	144	131	129	212	199	198	197	136	153	152	151	150	149	148	147	146	145	124	105	87	86	76	61	58	56	55	52	51	50	49	48	47	46	43	42	41	40	39	38	37	36	35	33	32	31	30
B.A9+1			377	376	325	307	308	286	196	143	135	107	106	84	83	75	59	239	238	237	200	144	131	129	199	198	197	153	152	151	150	149	148	147	146	145	61	58	56	55	52	51	50	49	48	47	46	41	40	39	38	37	36	35	33	32	31	30
B.M5*2+1		397	316	316	261	261	170	170	138	138	57	57	377	376	332	332	332	314	314	314	276	276	276	228	228	228	239	238	237	200	144	131	131	131	129	325	307	308	199	198	197	153	152	151	150	149	148	147	146	145	61	58	56	55	52	51	50	49	48	47	46	41	40	39	38	37	36	35	33	32	31	30
F0.UBER64+3		436	431	427	417	401	396	380	377	376	361	360	359	355	351	338	325	322	318	316	306	305	304	307	308	272	271	269	34	42	43	44	57	59	71	72	73	75	76	83	84	85	86	87	105	106	107	124	125	134	135	136	137	138	143	158	159	168	169	170	171	177	194	195	196	203	212	226	261	240	257	258	259	200	144	131	129	237	238	239	199	198	197	153	152	151	150	149	148	147	146	145	61	58	56	55	52	51	50	49	48	47	46	41	40	39	38	37	36	35	33	32	31	30
F1.EPIC64+2		436	431	427	417	401	396	378	377	376	361	360	359	355	351	338	333	325	322	316	306	305	304	307	308	272	271	34	42	43	44	57	59	71	72	73	75	76	83	84	85	86	87	105	106	107	124	125	134	135	136	137	138	143	158	159	168	169	170	171	177	194	195	196	203	212	226	261	240	257	258	259	200	144	131	129	237	238	239	199	198	197	153	152	151	150	149	148	147	146	145	61	58	56	55	52	51	50	49	48	47	46	41	40	39	38	37	36	35	33	32	31	30
F0.UBER63+3		431	427	417	401	396	380	377	376	361	360	359	355	351	338	325	322	318	316	306	305	304	307	308	272	271	269	34	42	43	44	57	59	71	72	73	75	76	83	84	85	86	87	105	106	107	124	125	134	135	136	137	138	143	158	159	168	169	170	171	177	194	195	196	203	212	226	261	240	257	258	259	200	144	131	129	237	238	239	199	198	197	153	152	151	150	149	148	147	146	145	61	58	56	55	52	51	50	49	48	47	46	41	40	39	38	37	36	35	33	32	31	30
F1.EPIC63+2		431	427	417	401	396	378	377	376	361	360	359	355	351	338	333	325	322	316	306	305	304	307	308	272	271	34	42	43	44	57	59	71	72	73	75	76	83	84	85	86	87	105	106	107	124	125	134	135	136	137	138	143	158	159	168	169	170	171	177	194	195	196	203	212	226	261	240	257	258	259	200	144	131	129	237	238	239	199	198	197	153	152	151	150	149	148	147	146	145	61	58	56	55	52	51	50	49	48	47	46	41	40	39	38	37	36	35	33	32	31	30
F0.UBER62+3		427	417	401	396	380	377	376	361	360	359	355	351	338	325	322	318	316	306	305	304	307	308	272	271	269	34	42	43	44	57	59	71	72	73	75	76	83	84	85	86	87	105	106	107	124	125	134	135	136	137	138	143	158	159	168	169	170	171	177	194	195	196	203	212	226	261	240	257	258	259	200	144	131	129	237	238	239	199	198	197	153	152	151	150	149	148	147	146	145	61	58	56	55	52	51	50	49	48	47	46	41	40	39	38	37	36	35	33	32	31	30
F1.EPIC62+2		427	417	401	396	378	377	376	361	360	359	355	351	338	333	325	322	316	306	305	304	307	308	272	271	34	42	43	44	57	59	71	72	73	75	76	83	84	85	86	87	105	106	107	124	125	134	135	136	137	138	143	158	159	168	169	170	171	177	194	195	196	203	212	226	261	240	257	258	259	200	144	131	129	237	238	239	199	198	197	153	152	151	150	149	148	147	146	145	61	58	56	55	52	51	50	49	48	47	46	41	40	39	38	37	36	35	33	32	31	30
PLA.64+8		436	431	427	417	401	397	396	380	378	361	360	359	355	351	338	333	322	318	316	306	305	304	286	283	269	34	168	169	170	171	240	42	43	44	57	59	143	71	72	73	124	125	158	75	76	105	106	107	159	83	84	85	86	87	177	134	135	136	137	138	203	194	195	196	212	226	261	257	258	259	271	272	
PLA.63+8		431	427	417	401	397	396	380	378	361	360	359	355	351	338	333	322	318	316	306	305	304	286	283	269	34	168	169	170	171	240	42	43	44	57	59	143	71	72	73	124	125	158	75	76	105	106	107	159	83	84	85	86	87	177	134	135	136	137	138	203	194	195	196	212	226	261	257	258	259	271	272	
PLA.62+8		427	417	401	397	396	380	378	361	360	359	355	351	338	333	322	318	316	306	305	304	286	283	269	34	168	169	170	171	240	42	43	44	57	59	143	71	72	73	124	125	158	75	76	105	106	107	159	83	84	85	86	87	177	134	135	136	137	138	203	194	195	196	212	226	261	257	258	259	271	272	
C.AC			341	270	180	429	429	429	429	429	429	429	429	377	307	199	153	152	151	150	61	40	39	36	35	33	32	31	30	428	428	428	428	428	428	428	428	428	428	428	376	325	308	198	197	149	148	147	146	145	58	56	55	52	51	50	49	48	47	46	41	38	37	
C.Eggy1			430	350	349	349	349	349	349	349	349	349	349	349	377	307	200	199	153	152	151	150	144	131	129	61	40	39	36	35	33	32	31	30	348	348	348	348	348	348	348	348	348	348	348	376	325	308	198	197	149	148	147	146	145	58	56	55	52	51	50	49	48	47	46	41	38	37	
C.Eggy2			430	350	349	349	349	349	349	349	349	349	349	349	377	307	239	238	237	199	153	152	151	150	61	40	39	36	35	33	32	31	30	348	348	348	348	348	348	348	348	348	348	348	376	325	308	198	197	149	148	147	146	145	58	56	55	52	51	50	49	48	47	46	41	38	37	
